0.82256819, 0.13201235, 0.12750901, 0.06677818, 0.07527020, 0.08324756, 0.04773546, 0.08003088, 0.06227483, 0.05609882, 0.05211014, 0.05288214, 0.05352548, 0.04863613, 0.04644879, 0.04451879, 0.06549151, 0.05133814, 0.04284611, 0.04426145, 0.04053011, 0.05133814, 0.03731343, 0.03898610, 0.04014411, 0.03898610, 0.03860010, 0.04413278, 0.04014411, 0.04053011, 0.04310345, 0.04181678, 0.04130211, 0.04233145, 0.04529079, 0.04413278, 0.04246011, 0.03988677, 0.04516212, 0.04014411, 0.03911477, 0.04400412, 0.04258878, 0.03731343, 0.04220278, 0.04850746, 0.04876480, 0.05648482, 0.05056613, 0.09186824, 0.05481215, 0.18450849, 0.14745239, 0.09559959, 0.23455996, 0.30802882, 0.22748327, 0.21435924, 0.22542460, 0.10422028, 0.05790015, 0.06163150
0.13201235, 0.77946475, 0.52869274, 0.14513639, 0.22362326, 0.17395780, 0.05597015, 0.16302110, 0.08787957, 0.07179619, 0.05661348, 0.04529079, 0.04567679, 0.04040144, 0.03911477, 0.03808543, 0.05313948, 0.03718477, 0.03293875, 0.03448276, 0.03564076, 0.04490479, 0.03911477, 0.04168811, 0.04258878, 0.04554812, 0.04439012, 0.04001544, 0.04747813, 0.04541945, 0.04271745, 0.04889346, 0.04992280, 0.04593412, 0.05133814, 0.04709213, 0.04529079, 0.04722079, 0.04040144, 0.02714874, 0.04387545, 0.04310345, 0.04593412, 0.03847144, 0.03551209, 0.04451879, 0.03718477, 0.03679876, 0.04130211, 0.05995883, 0.04053011, 0.12133299, 0.18605250, 0.06484817, 0.19595986, 0.14050437, 0.24884200, 0.27470407, 0.08620690, 0.07346886, 0.05095214, 0.04812146
0.12750901, 0.52869274, 0.77611940, 0.16688111, 0.22233659, 0.18026248, 0.05764282, 0.16559444, 0.09392692, 0.07115286, 0.05687082, 0.04876480, 0.04979413, 0.04490479, 0.04516212, 0.04053011, 0.05378281, 0.04065878, 0.03718477, 0.03281009, 0.03641276, 0.04361812, 0.03847144, 0.04246011, 0.04451879, 0.04889346, 0.04915080, 0.03937210, 0.04915080, 0.04619146, 0.04490479, 0.04876480, 0.04992280, 0.04734946, 0.05172414, 0.04850746, 0.04593412, 0.04606279, 0.04117344, 0.02959341, 0.04168811, 0.04284611, 0.04644879, 0.03860010, 0.03628410, 0.04516212, 0.03589810, 0.03731343, 0.04104478, 0.06201750, 0.03705610, 0.11850232, 0.19312918, 0.06356150, 0.19248585, 0.13162635, 0.24691199, 0.27238806, 0.08363356, 0.07063819, 0.04927946, 0.04773546
0.06677818, 0.14513639, 0.16688111, 0.72490993, 0.18888317, 0.28049408, 0.07565620, 0.25398868, 0.13214102, 0.09251158, 0.06613484, 0.05725682, 0.04812146, 0.04786413, 0.04670612, 0.04053011, 0.05069480, 0.04413278, 0.03525476, 0.02972208, 0.03757077, 0.04387545, 0.03512609, 0.03718477, 0.03705610, 0.04117344, 0.04168811, 0.04194545, 0.04053011, 0.04361812, 0.03692743, 0.04091611, 0.04439012, 0.03950077, 0.04503345, 0.04207411, 0.04284611, 0.04181678, 0.04529079, 0.02663407, 0.03757077, 0.03769943, 0.03448276, 0.03010808, 0.03062275, 0.03718477, 0.02946475, 0.03036541, 0.03010808, 0.03409676, 0.03062275, 0.05481215, 0.08556356, 0.03975811, 0.07539887, 0.06163150, 0.09289758, 0.10229027, 0.05146680, 0.05005147, 0.04464745, 0.04889346
0.07527020, 0.22362326, 0.22233659, 0.18888317, 0.80867216, 0.22182192, 0.06948019, 0.20715389, 0.11605764, 0.08414822, 0.06073083, 0.05481215, 0.05056613, 0.04554812, 0.04413278, 0.04271745, 0.05494081, 0.04400412, 0.03911477, 0.03088008, 0.03229542, 0.04683479, 0.03731343, 0.03564076, 0.03808543, 0.04722079, 0.04516212, 0.04233145, 0.04567679, 0.04902213, 0.04670612, 0.04490479, 0.04722079, 0.04220278, 0.04902213, 0.04696346, 0.04837880, 0.04683479, 0.05352548, 0.03216675, 0.04284611, 0.04027277, 0.04143078, 0.04310345, 0.03654143, 0.04117344, 0.04014411, 0.03667010, 0.03885744, 0.04477612, 0.04040144, 0.07192486, 0.09907360, 0.05506948, 0.10138960, 0.07771487, 0.12274833, 0.13214102, 0.05674215, 0.05841482, 0.04915080, 0.04966547
0.08324756, 0.17395780, 0.18026248, 0.28049408, 0.22182192, 0.78010808, 0.10177560, 0.59161091, 0.20972723, 0.12673700, 0.08633556, 0.07269686, 0.06394750, 0.05995883, 0.05532681, 0.05018013, 0.06587751, 0.05223881, 0.04439012, 0.03281009, 0.03448276, 0.05108080, 0.03551209, 0.03602676, 0.03602676, 0.04348945, 0.04233145, 0.03667010, 0.04091611, 0.04143078, 0.03615543, 0.04207411, 0.04760679, 0.03950077, 0.04837880, 0.04323212, 0.04850746, 0.04271745, 0.04348945, 0.03396809, 0.04284611, 0.03885744, 0.03962944, 0.03641276, 0.03383942, 0.03731343, 0.03448276, 0.03396809, 0.03216675, 0.03576943, 0.03564076, 0.05777149, 0.08633556, 0.04773546, 0.08080288, 0.07102419, 0.10254761, 0.11052496, 0.06085950, 0.05699949, 0.05661348, 0.06291817
0.04773546, 0.05597015, 0.05764282, 0.07565620, 0.06948019, 0.10177560, 0.72465260, 0.10537828, 0.25437468, 0.14500772, 0.41199177, 0.30146680, 0.23983531, 0.22902728, 0.21744725, 0.16276377, 0.19248585, 0.18244982, 0.14333505, 0.07166752, 0.05674215, 0.06034483, 0.04567679, 0.04271745, 0.03937210, 0.03705610, 0.03422542, 0.03872877, 0.03538343, 0.04400412, 0.03512609, 0.03769943, 0.03615543, 0.03499743, 0.04078744, 0.03705610, 0.03705610, 0.03769943, 0.03589810, 0.02457540, 0.03679876, 0.03332476, 0.03178075, 0.03512609, 0.03448276, 0.03641276, 0.03062275, 0.02753474, 0.02985075, 0.03075142, 0.03023675, 0.03898610, 0.04040144, 0.04503345, 0.04709213, 0.04619146, 0.04979413, 0.04992280, 0.04966547, 0.04927946, 0.06369017, 0.11940299
0.08003088, 0.16302110, 0.16559444, 0.25398868, 0.20715389, 0.59161091, 0.10537828, 0.78242409, 0.22413793, 0.13432836, 0.09083891, 0.07449820, 0.06330417, 0.05841482, 0.05365414, 0.05030880, 0.06407617, 0.05095214, 0.04439012, 0.03551209, 0.03293875, 0.05404014, 0.03564076, 0.03396809, 0.03409676, 0.04271745, 0.04155944, 0.03782810, 0.04143078, 0.04181678, 0.03847144, 0.04310345, 0.04709213, 0.03847144, 0.04644879, 0.04271745, 0.04606279, 0.04348945, 0.04348945, 0.03435409, 0.04130211, 0.03564076, 0.03911477, 0.03564076, 0.03113742, 0.03911477, 0.03319609, 0.03229542, 0.03306742, 0.03576943, 0.03576943, 0.05751415, 0.08350489, 0.04696346, 0.07604220, 0.06960885, 0.09521359, 0.10460628, 0.06163150, 0.05764282, 0.05880082, 0.06201750
0.06227483, 0.08787957, 0.09392692, 0.13214102, 0.11605764, 0.20972723, 0.25437468, 0.22413793, 0.76634071, 0.20033453, 0.19480185, 0.14230571, 0.11721565, 0.10923829, 0.10344828, 0.08363356, 0.10782295, 0.09765826, 0.07925888, 0.04734946, 0.04632012, 0.05005147, 0.04220278, 0.04027277, 0.03860010, 0.03834277, 0.03654143, 0.03641276, 0.03512609, 0.04310345, 0.03512609, 0.04168811, 0.04464745, 0.04001544, 0.04593412, 0.04155944, 0.04554812, 0.04606279, 0.04194545, 0.02689141, 0.03962944, 0.03808543, 0.04117344, 0.03602676, 0.03744210, 0.04027277, 0.02856408, 0.03075142, 0.03190942, 0.03345342, 0.03190942, 0.04451879, 0.05481215, 0.04323212, 0.05764282, 0.05635615, 0.06755018, 0.06948019, 0.05352548, 0.05648482, 0.05931549, 0.08582090
0.05609882, 0.07179619, 0.07115286, 0.09251158, 0.08414822, 0.12673700, 0.14500772, 0.13432836, 0.20033453, 0.84225425, 0.12956768, 0.09431292, 0.08299022, 0.07668554, 0.07758621, 0.07038085, 0.08376222, 0.07218219, 0.06343284, 0.04812146, 0.03872877, 0.05326814, 0.03885744, 0.03898610, 0.03898610, 0.04387545, 0.04336078, 0.03911477, 0.04323212, 0.04181678, 0.03937210, 0.03808543, 0.04258878, 0.03950077, 0.04130211, 0.04194545, 0.04490479, 0.04310345, 0.04348945, 0.02534740, 0.03795677, 0.03885744, 0.03615543, 0.03641276, 0.04168811, 0.04361812, 0.02985075, 0.02895008, 0.03872877, 0.03229542, 0.03293875, 0.03988677, 0.05005147, 0.04233145, 0.05185280, 0.05275347, 0.05571282, 0.05699949, 0.05597015, 0.05095214, 0.05288214, 0.06497684
0.05211014, 0.05661348, 0.05687082, 0.06613484, 0.06073083, 0.08633556, 0.41199177, 0.09083891, 0.19480185, 0.12956768, 0.77303139, 0.42485847, 0.32822954, 0.30738549, 0.28332476, 0.19660319, 0.25553268, 0.24189398, 0.17408646, 0.08569223, 0.06626351, 0.06562017, 0.05494081, 0.04541945, 0.04297478, 0.04001544, 0.03641276, 0.04220278, 0.03911477, 0.04490479, 0.03950077, 0.04040144, 0.03692743, 0.04027277, 0.04040144, 0.04040144, 0.03667010, 0.03860010, 0.03782810, 0.02740607, 0.03718477, 0.03628410, 0.03512609, 0.03512609, 0.04130211, 0.03654143, 0.03744210, 0.02946475, 0.03203809, 0.03383942, 0.03679876, 0.04155944, 0.04014411, 0.04966547, 0.04915080, 0.05120947, 0.05455481, 0.05416881, 0.05378281, 0.05120947, 0.07732887, 0.14886773
0.05288214, 0.04529079, 0.04876480, 0.05725682, 0.05481215, 0.07269686, 0.30146680, 0.07449820, 0.14230571, 0.09431292, 0.42485847, 0.76402470, 0.41791045, 0.40581575, 0.37120432, 0.23404529, 0.28731343, 0.29644879, 0.21332990, 0.09701493, 0.07411220, 0.06742151, 0.05931549, 0.04953680, 0.04619146, 0.04246011, 0.03962944, 0.04143078, 0.04323212, 0.04271745, 0.04181678, 0.04387545, 0.04258878, 0.04541945, 0.04915080, 0.04426145, 0.03872877, 0.03692743, 0.03435409, 0.02650540, 0.03448276, 0.03332476, 0.03319609, 0.03461143, 0.04117344, 0.03885744, 0.03679876, 0.03216675, 0.02959341, 0.03165208, 0.03898610, 0.03769943, 0.03576943, 0.04683479, 0.04078744, 0.05236747, 0.04580546, 0.04516212, 0.05120947, 0.05185280, 0.07732887, 0.15362841
0.05352548, 0.04567679, 0.04979413, 0.04812146, 0.05056613, 0.06394750, 0.23983531, 0.06330417, 0.11721565, 0.08299022, 0.32822954, 0.41791045, 0.79503345, 0.58878024, 0.44171384, 0.25874936, 0.42807514, 0.48610396, 0.28383942, 0.11425630, 0.09830160, 0.07642820, 0.07372620, 0.06047349, 0.05584148, 0.04477612, 0.04246011, 0.04915080, 0.04734946, 0.04516212, 0.04734946, 0.04554812, 0.04361812, 0.04760679, 0.04554812, 0.04168811, 0.04014411, 0.04065878, 0.03731343, 0.02985075, 0.03512609, 0.03628410, 0.03654143, 0.03358209, 0.04323212, 0.04246011, 0.04323212, 0.03525476, 0.03383942, 0.03358209, 0.04233145, 0.04400412, 0.03757077, 0.05262481, 0.04426145, 0.05018013, 0.04902213, 0.04722079, 0.05313948, 0.05339681, 0.10524961, 0.22671127
0.04863613, 0.04040144, 0.04490479, 0.04786413, 0.04554812, 0.05995883, 0.22902728, 0.05841482, 0.10923829, 0.07668554, 0.30738549, 0.40581575, 0.58878024, 0.77444673, 0.51955739, 0.28808543, 0.35023160, 0.50012867, 0.32848688, 0.12789501, 0.10254761, 0.06780751, 0.07321153, 0.05841482, 0.05378281, 0.04233145, 0.04078744, 0.04413278, 0.04451879, 0.04516212, 0.04529079, 0.04490479, 0.04323212, 0.04747813, 0.04541945, 0.04130211, 0.04155944, 0.03911477, 0.03654143, 0.02804941, 0.03371076, 0.03306742, 0.03242409, 0.03126608, 0.04220278, 0.03808543, 0.03937210, 0.03113742, 0.03023675, 0.03229542, 0.04065878, 0.03847144, 0.03422542, 0.04760679, 0.03924344, 0.04387545, 0.04207411, 0.04143078, 0.05069480, 0.05146680, 0.09225425, 0.19621719
0.04644879, 0.03911477, 0.04516212, 0.04670612, 0.04413278, 0.05532681, 0.21744725, 0.05365414, 0.10344828, 0.07758621, 0.28332476, 0.37120432, 0.44171384, 0.51955739, 0.75669068, 0.32205353, 0.27097272, 0.39333505, 0.35782295, 0.14629439, 0.09765826, 0.06600618, 0.06562017, 0.05339681, 0.04915080, 0.03872877, 0.03602676, 0.03988677, 0.04053011, 0.03834277, 0.04001544, 0.04130211, 0.04117344, 0.04181678, 0.04194545, 0.03757077, 0.04091611, 0.03782810, 0.03602676, 0.02804941, 0.03049408, 0.02882141, 0.02869274, 0.03255275, 0.04297478, 0.03435409, 0.03525476, 0.03062275, 0.03152342, 0.03049408, 0.03795677, 0.03281009, 0.03088008, 0.04451879, 0.03950077, 0.04091611, 0.04040144, 0.03962944, 0.04567679, 0.04927946, 0.08183222, 0.15723109
0.04451879, 0.03808543, 0.04053011, 0.04053011, 0.04271745, 0.05018013, 0.16276377, 0.05030880, 0.08363356, 0.07038085, 0.19660319, 0.23404529, 0.25874936, 0.28808543, 0.32205353, 0.74305198, 0.18901184, 0.25321668, 0.27702007, 0.15517241, 0.09508492, 0.06008749, 0.06278950, 0.05764282, 0.05391148, 0.04310345, 0.04014411, 0.04246011, 0.04477612, 0.03975811, 0.04207411, 0.04348945, 0.04027277, 0.04606279, 0.04258878, 0.04065878, 0.03641276, 0.03589810, 0.03306742, 0.03036541, 0.03576943, 0.03499743, 0.03615543, 0.03551209, 0.04027277, 0.03396809, 0.03255275, 0.03113742, 0.03165208, 0.03165208, 0.03319609, 0.03293875, 0.03113742, 0.04490479, 0.03744210, 0.04181678, 0.03911477, 0.03705610, 0.04426145, 0.04323212, 0.07372620, 0.12390633
0.06549151, 0.05313948, 0.05378281, 0.05069480, 0.05494081, 0.06587751, 0.19248585, 0.06407617, 0.10782295, 0.08376222, 0.25553268, 0.28731343, 0.42807514, 0.35023160, 0.27097272, 0.18901184, 0.81780751, 0.35666495, 0.19917653, 0.09341225, 0.09173958, 0.08723623, 0.07308286, 0.06073083, 0.05687082, 0.04451879, 0.04413278, 0.05326814, 0.04503345, 0.04567679, 0.04644879, 0.04348945, 0.04361812, 0.04760679, 0.04747813, 0.04413278, 0.04014411, 0.04400412, 0.03988677, 0.02869274, 0.03744210, 0.04426145, 0.04554812, 0.03885744, 0.04503345, 0.04258878, 0.04439012, 0.03834277, 0.03718477, 0.03435409, 0.04451879, 0.04812146, 0.04233145, 0.06021616, 0.05275347, 0.05764282, 0.05442615, 0.05558415, 0.06574884, 0.06201750, 0.14063304, 0.36129696
0.05133814, 0.03718477, 0.04065878, 0.04413278, 0.04400412, 0.05223881, 0.18244982, 0.05095214, 0.09765826, 0.07218219, 0.24189398, 0.29644879, 0.48610396, 0.50012867, 0.39333505, 0.25321668, 0.35666495, 0.78834277, 0.36412764, 0.13419969, 0.12519300, 0.08260422, 0.08839424, 0.07424086, 0.06729285, 0.04516212, 0.04426145, 0.05378281, 0.04940813, 0.04876480, 0.04992280, 0.04374678, 0.04194545, 0.04889346, 0.04529079, 0.04477612, 0.04477612, 0.04361812, 0.03988677, 0.02753474, 0.03435409, 0.03988677, 0.03628410, 0.03126608, 0.04361812, 0.04078744, 0.03924344, 0.03306742, 0.03139475, 0.03010808, 0.04104478, 0.03924344, 0.03113742, 0.05146680, 0.04065878, 0.04683479, 0.04233145, 0.04143078, 0.05301081, 0.05198147, 0.11116830, 0.24047864
0.04284611, 0.03293875, 0.03718477, 0.03525476, 0.03911477, 0.04439012, 0.14333505, 0.04439012, 0.07925888, 0.06343284, 0.17408646, 0.21332990, 0.28383942, 0.32848688, 0.35782295, 0.27702007, 0.19917653, 0.36412764, 0.76621204, 0.21834792, 0.15337108, 0.06999485, 0.08775090, 0.08080288, 0.07385486, 0.04670612, 0.04644879, 0.05082347, 0.04812146, 0.04426145, 0.04915080, 0.04541945, 0.04606279, 0.04696346, 0.04516212, 0.04130211, 0.04130211, 0.04091611, 0.03525476, 0.02637674, 0.03396809, 0.03808543, 0.03371076, 0.03564076, 0.04374678, 0.03718477, 0.03525476, 0.03679876, 0.03165208, 0.03049408, 0.03654143, 0.03242409, 0.03062275, 0.04297478, 0.03538343, 0.03924344, 0.03718477, 0.03654143, 0.04400412, 0.04580546, 0.08208955, 0.14307771
0.04426145, 0.03448276, 0.03281009, 0.02972208, 0.03088008, 0.03281009, 0.07166752, 0.03551209, 0.04734946, 0.04812146, 0.08569223, 0.09701493, 0.11425630, 0.12789501, 0.14629439, 0.15517241, 0.09341225, 0.13419969, 0.21834792, 0.71461657, 0.13870304, 0.05288214, 0.07913021, 0.08440556, 0.07977355, 0.05416881, 0.05494081, 0.04644879, 0.05120947, 0.05249614, 0.04837880, 0.04567679, 0.04168811, 0.04284611, 0.04040144, 0.04117344, 0.03679876, 0.03589810, 0.03422542, 0.02830674, 0.03422542, 0.03306742, 0.03306742, 0.02997941, 0.03769943, 0.03229542, 0.03216675, 0.03358209, 0.02985075, 0.03512609, 0.03165208, 0.03679876, 0.03293875, 0.03474009, 0.03834277, 0.04220278, 0.04130211, 0.03950077, 0.04194545, 0.03576943, 0.05339681, 0.07308286
0.04053011, 0.03564076, 0.03641276, 0.03757077, 0.03229542, 0.03448276, 0.05674215, 0.03293875, 0.04632012, 0.03872877, 0.06626351, 0.07411220, 0.09830160, 0.10254761, 0.09765826, 0.09508492, 0.09173958, 0.12519300, 0.15337108, 0.13870304, 0.81060216, 0.07282553, 0.30764282, 0.31034483, 0.27071539, 0.11914565, 0.12622234, 0.12184766, 0.11309830, 0.08993824, 0.10100360, 0.08311889, 0.07411220, 0.08299022, 0.07050952, 0.07128152, 0.06369017, 0.06240350, 0.04632012, 0.02959341, 0.04889346, 0.05236747, 0.05236747, 0.04040144, 0.04323212, 0.04927946, 0.03847144, 0.03075142, 0.02740607, 0.02779207, 0.03769943, 0.03242409, 0.02534740, 0.04503345, 0.03551209, 0.03641276, 0.03448276, 0.03448276, 0.03769943, 0.04619146, 0.07771487, 0.09379825
0.05133814, 0.04490479, 0.04361812, 0.04387545, 0.04683479, 0.05108080, 0.06034483, 0.05404014, 0.05005147, 0.05326814, 0.06562017, 0.06742151, 0.07642820, 0.06780751, 0.06600618, 0.06008749, 0.08723623, 0.08260422, 0.06999485, 0.05288214, 0.07282553, 0.86309830, 0.07539887, 0.06240350, 0.05764282, 0.04773546, 0.04825013, 0.05738549, 0.04992280, 0.04927946, 0.05133814, 0.04323212, 0.03795677, 0.04632012, 0.03924344, 0.04439012, 0.04104478, 0.04503345, 0.03962944, 0.03486876, 0.03975811, 0.04310345, 0.04413278, 0.04104478, 0.04400412, 0.04850746, 0.04271745, 0.04078744, 0.04040144, 0.03023675, 0.04246011, 0.04143078, 0.03576943, 0.05468348, 0.04516212, 0.05120947, 0.04773546, 0.05095214, 0.05249614, 0.06214617, 0.09534225, 0.10447761
0.03731343, 0.03911477, 0.03847144, 0.03512609, 0.03731343, 0.03551209, 0.04567679, 0.03564076, 0.04220278, 0.03885744, 0.05494081, 0.05931549, 0.07372620, 0.07321153, 0.06562017, 0.06278950, 0.07308286, 0.08839424, 0.08775090, 0.07913021, 0.30764282, 0.07539887, 0.83620690, 0.43579516, 0.36773031, 0.15684508, 0.16417910, 0.20162120, 0.15568708, 0.10473495, 0.14256305, 0.10602162, 0.08878024, 0.10730829, 0.08247555, 0.09482759, 0.07938755, 0.08479156, 0.05069480, 0.02985075, 0.05854349, 0.06935152, 0.06356150, 0.04825013, 0.03937210, 0.05892949, 0.04490479, 0.03499743, 0.03319609, 0.03113742, 0.04670612, 0.03615543, 0.02907874, 0.04863613, 0.03847144, 0.03679876, 0.03898610, 0.03641276, 0.04117344, 0.04966547, 0.07925888, 0.09135358
0.03898610, 0.04168811, 0.04246011, 0.03718477, 0.03564076, 0.03602676, 0.04271745, 0.03396809, 0.04027277, 0.03898610, 0.04541945, 0.04953680, 0.06047349, 0.05841482, 0.05339681, 0.05764282, 0.06073083, 0.07424086, 0.08080288, 0.08440556, 0.31034483, 0.06240350, 0.43579516, 0.82449820, 0.65092640, 0.23327329, 0.25450335, 0.23211529, 0.22182192, 0.14835306, 0.19029851, 0.14230571, 0.11438497, 0.13677303, 0.10473495, 0.11399897, 0.09392692, 0.09624292, 0.05301081, 0.03139475, 0.06780751, 0.07269686, 0.07025219, 0.05313948, 0.03564076, 0.06356150, 0.04348945, 0.03486876, 0.03422542, 0.02985075, 0.04593412, 0.03551209, 0.03242409, 0.04953680, 0.03962944, 0.03847144, 0.04014411, 0.03950077, 0.04065878, 0.04233145, 0.05995883, 0.06587751
0.04014411, 0.04258878, 0.04451879, 0.03705610, 0.03808543, 0.03602676, 0.03937210, 0.03409676, 0.03860010, 0.03898610, 0.04297478, 0.04619146, 0.05584148, 0.05378281, 0.04915080, 0.05391148, 0.05687082, 0.06729285, 0.07385486, 0.07977355, 0.27071539, 0.05764282, 0.36773031, 0.65092640, 0.82874421, 0.28448276, 0.31047349, 0.25244467, 0.26196603, 0.17164179, 0.21847658, 0.16649511, 0.13252702, 0.15645908, 0.11708698, 0.13124035, 0.10280494, 0.10434894, 0.05687082, 0.03178075, 0.06922285, 0.08054555, 0.07694287, 0.05442615, 0.03667010, 0.06471951, 0.04400412, 0.03821410, 0.03448276, 0.03126608, 0.04593412, 0.03576943, 0.03306742, 0.04644879, 0.04078744, 0.03834277, 0.04040144, 0.04078744, 0.04027277, 0.04040144, 0.05584148, 0.06060216
0.03898610, 0.04554812, 0.04889346, 0.04117344, 0.04722079, 0.04348945, 0.03705610, 0.04271745, 0.03834277, 0.04387545, 0.04001544, 0.04246011, 0.04477612, 0.04233145, 0.03872877, 0.04310345, 0.04451879, 0.04516212, 0.04670612, 0.05416881, 0.11914565, 0.04773546, 0.15684508, 0.23327329, 0.28448276, 0.86708698, 0.69814720, 0.29683479, 0.67807514, 0.31240350, 0.41932578, 0.39423572, 0.26994339, 0.34740093, 0.23082862, 0.24446732, 0.16173443, 0.17035512, 0.07269686, 0.03641276, 0.08710757, 0.10280494, 0.09482759, 0.06176016, 0.03422542, 0.06343284, 0.04837880, 0.03782810, 0.03576943, 0.03152342, 0.04837880, 0.03667010, 0.03744210, 0.04503345, 0.03782810, 0.04078744, 0.04053011, 0.04155944, 0.04143078, 0.04233145, 0.04593412, 0.04786413
0.03860010, 0.04439012, 0.04915080, 0.04168811, 0.04516212, 0.04233145, 0.03422542, 0.04155944, 0.03654143, 0.04336078, 0.03641276, 0.03962944, 0.04246011, 0.04078744, 0.03602676, 0.04014411, 0.04413278, 0.04426145, 0.04644879, 0.05494081, 0.12622234, 0.04825013, 0.16417910, 0.25450335, 0.31047349, 0.69814720, 0.85460628, 0.27547607, 0.56755018, 0.31755018, 0.36168296, 0.37081832, 0.25784869, 0.31176016, 0.21731858, 0.22272259, 0.15542975, 0.15684508, 0.07038085, 0.03525476, 0.08118888, 0.09354092, 0.08839424, 0.05970149, 0.03203809, 0.06137416, 0.04554812, 0.03692743, 0.03255275, 0.03203809, 0.04439012, 0.03757077, 0.03911477, 0.04310345, 0.03731343, 0.03950077, 0.04143078, 0.04220278, 0.04001544, 0.04220278, 0.04503345, 0.04850746
0.04413278, 0.04001544, 0.03937210, 0.04194545, 0.04233145, 0.03667010, 0.03872877, 0.03782810, 0.03641276, 0.03911477, 0.04220278, 0.04143078, 0.04915080, 0.04413278, 0.03988677, 0.04246011, 0.05326814, 0.05378281, 0.05082347, 0.04644879, 0.12184766, 0.05738549, 0.20162120, 0.23211529, 0.25244467, 0.29683479, 0.27547607, 0.86953165, 0.32797221, 0.15877509, 0.35576428, 0.18605250, 0.14848173, 0.21139990, 0.13677303, 0.17524447, 0.11914565, 0.13728770, 0.07218219, 0.03409676, 0.08775090, 0.10589295, 0.09714359, 0.06201750, 0.03306742, 0.07565620, 0.05725682, 0.04336078, 0.03602676, 0.03242409, 0.05790015, 0.03486876, 0.03229542, 0.05494081, 0.03474009, 0.03988677, 0.03654143, 0.03834277, 0.04361812, 0.04940813, 0.06613484, 0.06832218
0.04014411, 0.04747813, 0.04915080, 0.04053011, 0.04567679, 0.04091611, 0.03538343, 0.04143078, 0.03512609, 0.04323212, 0.03911477, 0.04323212, 0.04734946, 0.04451879, 0.04053011, 0.04477612, 0.04503345, 0.04940813, 0.04812146, 0.05120947, 0.11309830, 0.04992280, 0.15568708, 0.22182192, 0.26196603, 0.67807514, 0.56755018, 0.32797221, 0.86901698, 0.28203809, 0.50810602, 0.39577972, 0.26930005, 0.38149768, 0.23185795, 0.26106536, 0.16405044, 0.17678847, 0.07334020, 0.03564076, 0.09225425, 0.10640762, 0.09778693, 0.06471951, 0.03409676, 0.06471951, 0.05018013, 0.04181678, 0.03576943, 0.03319609, 0.05005147, 0.03744210, 0.03950077, 0.04606279, 0.03885744, 0.04117344, 0.04361812, 0.04554812, 0.04181678, 0.04567679, 0.04760679, 0.05069480
0.04053011, 0.04541945, 0.04619146, 0.04361812, 0.04902213, 0.04143078, 0.04400412, 0.04181678, 0.04310345, 0.04181678, 0.04490479, 0.04271745, 0.04516212, 0.04516212, 0.03834277, 0.03975811, 0.04567679, 0.04876480, 0.04426145, 0.05249614, 0.08993824, 0.04927946, 0.10473495, 0.14835306, 0.17164179, 0.31240350, 0.31755018, 0.15877509, 0.28203809, 0.86554297, 0.20766855, 0.33955224, 0.26852805, 0.25295934, 0.23455996, 0.19879053, 0.15568708, 0.14886773, 0.07218219, 0.03203809, 0.07848688, 0.09276891, 0.08929490, 0.06253217, 0.03538343, 0.05146680, 0.04336078, 0.03576943, 0.03229542, 0.03229542, 0.04143078, 0.03950077, 0.03564076, 0.04632012, 0.03782810, 0.04001544, 0.03924344, 0.04130211, 0.03911477, 0.03782810, 0.04477612, 0.04374678
0.04310345, 0.04271745, 0.04490479, 0.03692743, 0.04670612, 0.03615543, 0.03512609, 0.03847144, 0.03512609, 0.03937210, 0.03950077, 0.04181678, 0.04734946, 0.04529079, 0.04001544, 0.04207411, 0.04644879, 0.04992280, 0.04915080, 0.04837880, 0.10100360, 0.05133814, 0.14256305, 0.19029851, 0.21847658, 0.41932578, 0.36168296, 0.35576428, 0.50810602, 0.20766855, 0.87081832, 0.31420484, 0.23224395, 0.37159032, 0.20895522, 0.26325270, 0.16070510, 0.17820381, 0.08003088, 0.03782810, 0.09366958, 0.10988163, 0.10164694, 0.06253217, 0.03525476, 0.07359753, 0.05429748, 0.04619146, 0.03950077, 0.03358209, 0.05288214, 0.03461143, 0.03551209, 0.04992280, 0.03769943, 0.03872877, 0.04001544, 0.04310345, 0.04104478, 0.04477612, 0.05725682, 0.05352548
0.04181678, 0.04889346, 0.04876480, 0.04091611, 0.04490479, 0.04207411, 0.03769943, 0.04310345, 0.04168811, 0.03808543, 0.04040144, 0.04387545, 0.04554812, 0.04490479, 0.04130211, 0.04348945, 0.04348945, 0.04374678, 0.04541945, 0.04567679, 0.08311889, 0.04323212, 0.10602162, 0.14230571, 0.16649511, 0.39423572, 0.37081832, 0.18605250, 0.39577972, 0.33955224, 0.31420484, 0.85988163, 0.51582604, 0.53602676, 0.44312918, 0.38033968, 0.24459599, 0.23250129, 0.08775090, 0.03911477, 0.10331961, 0.12107566, 0.11103963, 0.06845085, 0.03872877, 0.06214617, 0.04915080, 0.04413278, 0.03448276, 0.03602676, 0.04876480, 0.03885744, 0.04027277, 0.04194545, 0.04065878, 0.04117344, 0.04439012, 0.04657746, 0.03692743, 0.04091611, 0.04580546, 0.04233145
0.04130211, 0.04992280, 0.04992280, 0.04439012, 0.04722079, 0.04760679, 0.03615543, 0.04709213, 0.04464745, 0.04258878, 0.03692743, 0.04258878, 0.04361812, 0.04323212, 0.04117344, 0.04027277, 0.04361812, 0.04194545, 0.04606279, 0.04168811, 0.07411220, 0.03795677, 0.08878024, 0.11438497, 0.13252702, 0.26994339, 0.25784869, 0.14848173, 0.26930005, 0.26852805, 0.23224395, 0.51582604, 0.84354092, 0.46358724, 0.63574370, 0.42511580, 0.36039629, 0.29078744, 0.11168296, 0.04194545, 0.12995368, 0.14037571, 0.13381369, 0.08041688, 0.03474009, 0.06047349, 0.05339681, 0.04516212, 0.03679876, 0.03538343, 0.05223881, 0.03795677, 0.03988677, 0.04091611, 0.04258878, 0.04027277, 0.04644879, 0.04760679, 0.03808543, 0.04155944, 0.04477612, 0.04310345
0.04233145, 0.04593412, 0.04734946, 0.03950077, 0.04220278, 0.03950077, 0.03499743, 0.03847144, 0.04001544, 0.03950077, 0.04027277, 0.04541945, 0.04760679, 0.04747813, 0.04181678, 0.04606279, 0.04760679, 0.04889346, 0.04696346, 0.04284611, 0.08299022, 0.04632012, 0.10730829, 0.13677303, 0.15645908, 0.34740093, 0.31176016, 0.21139990, 0.38149768, 0.25295934, 0.37159032, 0.53602676, 0.46358724, 0.86335564, 0.43129182, 0.53345342, 0.27959341, 0.30146680, 0.09572826, 0.04336078, 0.12313433, 0.14410705, 0.13510036, 0.07990221, 0.03731343, 0.07269686, 0.05854349, 0.04683479, 0.03628410, 0.03654143, 0.05532681, 0.03898610, 0.03589810, 0.04490479, 0.03872877, 0.04001544, 0.04271745, 0.04361812, 0.04168811, 0.04439012, 0.04825013, 0.04927946
0.04529079, 0.05133814, 0.05172414, 0.04503345, 0.04902213, 0.04837880, 0.04078744, 0.04644879, 0.04593412, 0.04130211, 0.04040144, 0.04915080, 0.04554812, 0.04541945, 0.04194545, 0.04258878, 0.04747813, 0.04529079, 0.04516212, 0.04040144, 0.07050952, 0.03924344, 0.08247555, 0.10473495, 0.11708698, 0.23082862, 0.21731858, 0.13677303, 0.23185795, 0.23455996, 0.20895522, 0.44312918, 0.63574370, 0.43129182, 0.84251158, 0.44737519, 0.38535769, 0.31587751, 0.11631498, 0.04439012, 0.13188369, 0.14359238, 0.13625836, 0.08208955, 0.03576943, 0.06497684, 0.05468348, 0.04606279, 0.03911477, 0.03679876, 0.05326814, 0.04065878, 0.04387545, 0.04258878, 0.04541945, 0.04554812, 0.04722079, 0.04786413, 0.04130211, 0.04130211, 0.04593412, 0.04516212
0.04413278, 0.04709213, 0.04850746, 0.04207411, 0.04696346, 0.04323212, 0.03705610, 0.04271745, 0.04155944, 0.04194545, 0.04040144, 0.04426145, 0.04168811, 0.04130211, 0.03757077, 0.04065878, 0.04413278, 0.04477612, 0.04130211, 0.04117344, 0.07128152, 0.04439012, 0.09482759, 0.11399897, 0.13124035, 0.24446732, 0.22272259, 0.17524447, 0.26106536, 0.19879053, 0.26325270, 0.38033968, 0.42511580, 0.53345342, 0.44737519, 0.85447761, 0.37056099, 0.45020587, 0.11078230, 0.04606279, 0.15349974, 0.18772517, 0.17254246, 0.09521359, 0.03332476, 0.07681420, 0.06626351, 0.04915080, 0.04194545, 0.03486876, 0.06317550, 0.03615543, 0.03757077, 0.04387545, 0.03538343, 0.04014411, 0.04361812, 0.04233145, 0.03950077, 0.04400412, 0.04683479, 0.04451879
0.04246011, 0.04529079, 0.04593412, 0.04284611, 0.04837880, 0.04850746, 0.03705610, 0.04606279, 0.04554812, 0.04490479, 0.03667010, 0.03872877, 0.04014411, 0.04155944, 0.04091611, 0.03641276, 0.04014411, 0.04477612, 0.04130211, 0.03679876, 0.06369017, 0.04104478, 0.07938755, 0.09392692, 0.10280494, 0.16173443, 0.15542975, 0.11914565, 0.16405044, 0.15568708, 0.16070510, 0.24459599, 0.36039629, 0.27959341, 0.38535769, 0.37056099, 0.83800823, 0.45252187, 0.14693773, 0.04709213, 0.21191457, 0.22040659, 0.21152856, 0.10074627, 0.03525476, 0.07629954, 0.06819352, 0.05262481, 0.04078744, 0.03100875, 0.06356150, 0.03512609, 0.03499743, 0.03731343, 0.03705610, 0.04220278, 0.03937210, 0.04143078, 0.04117344, 0.04233145, 0.04361812, 0.04078744
0.03988677, 0.04722079, 0.04606279, 0.04181678, 0.04683479, 0.04271745, 0.03769943, 0.04348945, 0.04606279, 0.04310345, 0.03860010, 0.03692743, 0.04065878, 0.03911477, 0.03782810, 0.03589810, 0.04400412, 0.04361812, 0.04091611, 0.03589810, 0.06240350, 0.04503345, 0.08479156, 0.09624292, 0.10434894, 0.17035512, 0.15684508, 0.13728770, 0.17678847, 0.14886773, 0.17820381, 0.23250129, 0.29078744, 0.30146680, 0.31587751, 0.45020587, 0.45252187, 0.86271230, 0.13484303, 0.04940813, 0.22195059, 0.27856408, 0.25669068, 0.11271230, 0.03564076, 0.08929490, 0.07732887, 0.05584148, 0.04258878, 0.03229542, 0.07334020, 0.03525476, 0.03474009, 0.04130211, 0.03615543, 0.03975811, 0.04091611, 0.03975811, 0.04104478, 0.04683479, 0.04657746, 0.04439012
0.04516212, 0.04040144, 0.04117344, 0.04529079, 0.05352548, 0.04348945, 0.03589810, 0.04348945, 0.04194545, 0.04348945, 0.03782810, 0.03435409, 0.03731343, 0.03654143, 0.03602676, 0.03306742, 0.03988677, 0.03988677, 0.03525476, 0.03422542, 0.04632012, 0.03962944, 0.05069480, 0.05301081, 0.05687082, 0.07269686, 0.07038085, 0.07218219, 0.07334020, 0.07218219, 0.08003088, 0.08775090, 0.11168296, 0.09572826, 0.11631498, 0.11078230, 0.14693773, 0.13484303, 0.85164694, 0.04825013, 0.13226969, 0.11940299, 0.12532167, 0.09379825, 0.04040144, 0.06111683, 0.06690685, 0.05146680, 0.03950077, 0.03203809, 0.05751415, 0.03371076, 0.03010808, 0.04233145, 0.03795677, 0.04091611, 0.03950077, 0.04194545, 0.03834277, 0.03628410, 0.04413278, 0.04297478
0.04014411, 0.02714874, 0.02959341, 0.02663407, 0.03216675, 0.03396809, 0.02457540, 0.03435409, 0.02689141, 0.02534740, 0.02740607, 0.02650540, 0.02985075, 0.02804941, 0.02804941, 0.03036541, 0.02869274, 0.02753474, 0.02637674, 0.02830674, 0.02959341, 0.03486876, 0.02985075, 0.03139475, 0.03178075, 0.03641276, 0.03525476, 0.03409676, 0.03564076, 0.03203809, 0.03782810, 0.03911477, 0.04194545, 0.04336078, 0.04439012, 0.04606279, 0.04709213, 0.04940813, 0.04825013, 0.63021101, 0.09830160, 0.07424086, 0.08041688, 0.07231086, 0.03345342, 0.06935152, 0.17048379, 0.19441585, 0.04451879, 0.06909418, 0.13510036, 0.05056613, 0.02933608, 0.04529079, 0.03628410, 0.04451879, 0.03255275, 0.02959341, 0.04760679, 0.04554812, 0.03564076, 0.02624807
0.03911477, 0.04387545, 0.04168811, 0.03757077, 0.04284611, 0.04284611, 0.03679876, 0.04130211, 0.03962944, 0.03795677, 0.03718477, 0.03448276, 0.03512609, 0.03371076, 0.03049408, 0.03576943, 0.03744210, 0.03435409, 0.03396809, 0.03422542, 0.04889346, 0.03975811, 0.05854349, 0.06780751, 0.06922285, 0.08710757, 0.08118888, 0.08775090, 0.09225425, 0.07848688, 0.09366958, 0.10331961, 0.12995368, 0.12313433, 0.13188369, 0.15349974, 0.21191457, 0.22195059, 0.13226969, 0.09830160, 0.78872877, 0.37493567, 0.42138446, 0.16212043, 0.03679876, 0.12493567, 0.15555841, 0.10319094, 0.04400412, 0.03409676, 0.12429233, 0.03178075, 0.03010808, 0.04902213, 0.03242409, 0.04117344, 0.03474009, 0.03615543, 0.03911477, 0.05018013, 0.04696346, 0.04207411
0.04400412, 0.04310345, 0.04284611, 0.03769943, 0.04027277, 0.03885744, 0.03332476, 0.03564076, 0.03808543, 0.03885744, 0.03628410, 0.03332476, 0.03628410, 0.03306742, 0.02882141, 0.03499743, 0.04426145, 0.03988677, 0.03808543, 0.03306742, 0.05236747, 0.04310345, 0.06935152, 0.07269686, 0.08054555, 0.10280494, 0.09354092, 0.10589295, 0.10640762, 0.09276891, 0.10988163, 0.12107566, 0.14037571, 0.14410705, 0.14359238, 0.18772517, 0.22040659, 0.27856408, 0.11940299, 0.07424086, 0.37493567, 0.83401956, 0.54040144, 0.15195574, 0.03872877, 0.12892434, 0.12673700, 0.08311889, 0.04503345, 0.03821410, 0.11502831, 0.03525476, 0.03062275, 0.05339681, 0.03615543, 0.04310345, 0.03911477, 0.04001544, 0.04155944, 0.04850746, 0.05056613, 0.05211014
0.04258878, 0.04593412, 0.04644879, 0.03448276, 0.04143078, 0.03962944, 0.03178075, 0.03911477, 0.04117344, 0.03615543, 0.03512609, 0.03319609, 0.03654143, 0.03242409, 0.02869274, 0.03615543, 0.04554812, 0.03628410, 0.03371076, 0.03306742, 0.05236747, 0.04413278, 0.06356150, 0.07025219, 0.07694287, 0.09482759, 0.08839424, 0.09714359, 0.09778693, 0.08929490, 0.10164694, 0.11103963, 0.13381369, 0.13510036, 0.13625836, 0.17254246, 0.21152856, 0.25669068, 0.12532167, 0.08041688, 0.42138446, 0.54040144, 0.83569223, 0.16134843, 0.04040144, 0.13085435, 0.13703037, 0.08800823, 0.04554812, 0.03628410, 0.11875965, 0.03718477, 0.03113742, 0.05172414, 0.03692743, 0.04246011, 0.04078744, 0.04143078, 0.04117344, 0.04619146, 0.05018013, 0.04786413
0.03731343, 0.03847144, 0.03860010, 0.03010808, 0.04310345, 0.03641276, 0.03512609, 0.03564076, 0.03602676, 0.03641276, 0.03512609, 0.03461143, 0.03358209, 0.03126608, 0.03255275, 0.03551209, 0.03885744, 0.03126608, 0.03564076, 0.02997941, 0.04040144, 0.04104478, 0.04825013, 0.05313948, 0.05442615, 0.06176016, 0.05970149, 0.06201750, 0.06471951, 0.06253217, 0.06253217, 0.06845085, 0.08041688, 0.07990221, 0.08208955, 0.09521359, 0.10074627, 0.11271230, 0.09379825, 0.07231086, 0.16212043, 0.15195574, 0.16134843, 0.81433350, 0.03872877, 0.08878024, 0.10910962, 0.08118888, 0.04451879, 0.03139475, 0.09508492, 0.03268142, 0.02817808, 0.04747813, 0.03383942, 0.03821410, 0.03474009, 0.03448276, 0.03654143, 0.04644879, 0.04644879, 0.04336078
0.04220278, 0.03551209, 0.03628410, 0.03062275, 0.03654143, 0.03383942, 0.03448276, 0.03113742, 0.03744210, 0.04168811, 0.04130211, 0.04117344, 0.04323212, 0.04220278, 0.04297478, 0.04027277, 0.04503345, 0.04361812, 0.04374678, 0.03769943, 0.04323212, 0.04400412, 0.03937210, 0.03564076, 0.03667010, 0.03422542, 0.03203809, 0.03306742, 0.03409676, 0.03538343, 0.03525476, 0.03872877, 0.03474009, 0.03731343, 0.03576943, 0.03332476, 0.03525476, 0.03564076, 0.04040144, 0.03345342, 0.03679876, 0.03872877, 0.04040144, 0.03872877, 0.89899640, 0.04632012, 0.03667010, 0.03628410, 0.03808543, 0.03126608, 0.03525476, 0.03422542, 0.02702007, 0.03757077, 0.03525476, 0.04001544, 0.03602676, 0.03847144, 0.04233145, 0.04194545, 0.04271745, 0.04155944
0.04850746, 0.04451879, 0.04516212, 0.03718477, 0.04117344, 0.03731343, 0.03641276, 0.03911477, 0.04027277, 0.04361812, 0.03654143, 0.03885744, 0.04246011, 0.03808543, 0.03435409, 0.03396809, 0.04258878, 0.04078744, 0.03718477, 0.03229542, 0.04927946, 0.04850746, 0.05892949, 0.06356150, 0.06471951, 0.06343284, 0.06137416, 0.07565620, 0.06471951, 0.05146680, 0.07359753, 0.06214617, 0.06047349, 0.07269686, 0.06497684, 0.07681420, 0.07629954, 0.08929490, 0.06111683, 0.06935152, 0.12493567, 0.12892434, 0.13085435, 0.08878024, 0.04632012, 0.82604220, 0.11670098, 0.08672156, 0.05069480, 0.03821410, 0.11888832, 0.04271745, 0.03448276, 0.05854349, 0.04490479, 0.05301081, 0.04439012, 0.04220278, 0.04323212, 0.05790015, 0.05198147, 0.04130211
0.04876480, 0.03718477, 0.03589810, 0.02946475, 0.04014411, 0.03448276, 0.03062275, 0.03319609, 0.02856408, 0.02985075, 0.03744210, 0.03679876, 0.04323212, 0.03937210, 0.03525476, 0.03255275, 0.04439012, 0.03924344, 0.03525476, 0.03216675, 0.03847144, 0.04271745, 0.04490479, 0.04348945, 0.04400412, 0.04837880, 0.04554812, 0.05725682, 0.05018013, 0.04336078, 0.05429748, 0.04915080, 0.05339681, 0.05854349, 0.05468348, 0.06626351, 0.06819352, 0.07732887, 0.06690685, 0.17048379, 0.15555841, 0.12673700, 0.13703037, 0.10910962, 0.03667010, 0.11670098, 0.72761194, 0.33710757, 0.05815749, 0.07153886, 0.42550180, 0.06073083, 0.03551209, 0.06986619, 0.04361812, 0.06034483, 0.04207411, 0.04053011, 0.05378281, 0.06214617, 0.05211014, 0.04451879
0.05648482, 0.03679876, 0.03731343, 0.03036541, 0.03667010, 0.03396809, 0.02753474, 0.03229542, 0.03075142, 0.02895008, 0.02946475, 0.03216675, 0.03525476, 0.03113742, 0.03062275, 0.03113742, 0.03834277, 0.03306742, 0.03679876, 0.03358209, 0.03075142, 0.04078744, 0.03499743, 0.03486876, 0.03821410, 0.03782810, 0.03692743, 0.04336078, 0.04181678, 0.03576943, 0.04619146, 0.04413278, 0.04516212, 0.04683479, 0.04606279, 0.04915080, 0.05262481, 0.05584148, 0.05146680, 0.19441585, 0.10319094, 0.08311889, 0.08800823, 0.08118888, 0.03628410, 0.08672156, 0.33710757, 0.69763253, 0.05674215, 0.10254761, 0.25874936, 0.07488420, 0.04284611, 0.07025219, 0.05262481, 0.07141019, 0.04734946, 0.04490479, 0.06240350, 0.06407617, 0.04825013, 0.03834277
0.05056613, 0.04130211, 0.04104478, 0.03010808, 0.03885744, 0.03216675, 0.02985075, 0.03306742, 0.03190942, 0.03872877, 0.03203809, 0.02959341, 0.03383942, 0.03023675, 0.03152342, 0.03165208, 0.03718477, 0.03139475, 0.03165208, 0.02985075, 0.02740607, 0.04040144, 0.03319609, 0.03422542, 0.03448276, 0.03576943, 0.03255275, 0.03602676, 0.03576943, 0.03229542, 0.03950077, 0.03448276, 0.03679876, 0.03628410, 0.03911477, 0.04194545, 0.04078744, 0.04258878, 0.03950077, 0.04451879, 0.04400412, 0.04503345, 0.04554812, 0.04451879, 0.03808543, 0.05069480, 0.05815749, 0.05674215, 0.75797735, 0.05236747, 0.05905816, 0.05262481, 0.04078744, 0.05108080, 0.05120947, 0.05223881, 0.04683479, 0.04464745, 0.04747813, 0.04541945, 0.03962944, 0.03409676
0.09186824, 0.05995883, 0.06201750, 0.03409676, 0.04477612, 0.03576943, 0.03075142, 0.03576943, 0.03345342, 0.03229542, 0.03383942, 0.03165208, 0.03358209, 0.03229542, 0.03049408, 0.03165208, 0.03435409, 0.03010808, 0.03049408, 0.03512609, 0.02779207, 0.03023675, 0.03113742, 0.02985075, 0.03126608, 0.03152342, 0.03203809, 0.03242409, 0.03319609, 0.03229542, 0.03358209, 0.03602676, 0.03538343, 0.03654143, 0.03679876, 0.03486876, 0.03100875, 0.03229542, 0.03203809, 0.06909418, 0.03409676, 0.03821410, 0.03628410, 0.03139475, 0.03126608, 0.03821410, 0.07153886, 0.10254761, 0.05236747, 0.60048893, 0.06960885, 0.20625322, 0.10769429, 0.06819352, 0.13394236, 0.12699434, 0.10589295, 0.10293361, 0.09148224, 0.05918682, 0.03962944, 0.03782810
0.05481215, 0.04053011, 0.03705610, 0.03062275, 0.04040144, 0.03564076, 0.03023675, 0.03576943, 0.03190942, 0.03293875, 0.03679876, 0.03898610, 0.04233145, 0.04065878, 0.03795677, 0.03319609, 0.04451879, 0.04104478, 0.03654143, 0.03165208, 0.03769943, 0.04246011, 0.04670612, 0.04593412, 0.04593412, 0.04837880, 0.04439012, 0.05790015, 0.05005147, 0.04143078, 0.05288214, 0.04876480, 0.05223881, 0.05532681, 0.05326814, 0.06317550, 0.06356150, 0.07334020, 0.05751415, 0.13510036, 0.12429233, 0.11502831, 0.11875965, 0.09508492, 0.03525476, 0.11888832, 0.42550180, 0.25874936, 0.05905816, 0.06960885, 0.74716933, 0.06137416, 0.03911477, 0.07874421, 0.04953680, 0.06510551, 0.04516212, 0.04541945, 0.05777149, 0.07038085, 0.05545548, 0.04670612
0.18450849, 0.12133299, 0.11850232, 0.05481215, 0.07192486, 0.05777149, 0.03898610, 0.05751415, 0.04451879, 0.03988677, 0.04155944, 0.03769943, 0.04400412, 0.03847144, 0.03281009, 0.03293875, 0.04812146, 0.03924344, 0.03242409, 0.03679876, 0.03242409, 0.04143078, 0.03615543, 0.03551209, 0.03576943, 0.03667010, 0.03757077, 0.03486876, 0.03744210, 0.03950077, 0.03461143, 0.03885744, 0.03795677, 0.03898610, 0.04065878, 0.03615543, 0.03512609, 0.03525476, 0.03371076, 0.05056613, 0.03178075, 0.03525476, 0.03718477, 0.03268142, 0.03422542, 0.04271745, 0.06073083, 0.07488420, 0.05262481, 0.20625322, 0.06137416, 0.69068451, 0.23198662, 0.09135358, 0.34624292, 0.29387545, 0.27444673, 0.25386001, 0.15568708, 0.09019557, 0.04953680, 0.04915080
0.14745239, 0.18605250, 0.19312918, 0.08556356, 0.09907360, 0.08633556, 0.04040144, 0.08350489, 0.05481215, 0.05005147, 0.04014411, 0.03576943, 0.03757077, 0.03422542, 0.03088008, 0.03113742, 0.04233145, 0.03113742, 0.03062275, 0.03293875, 0.02534740, 0.03576943, 0.02907874, 0.03242409, 0.03306742, 0.03744210, 0.03911477, 0.03229542, 0.03950077, 0.03564076, 0.03551209, 0.04027277, 0.03988677, 0.03589810, 0.04387545, 0.03757077, 0.03499743, 0.03474009, 0.03010808, 0.02933608, 0.03010808, 0.03062275, 0.03113742, 0.02817808, 0.02702007, 0.03448276, 0.03551209, 0.04284611, 0.04078744, 0.10769429, 0.03911477, 0.23198662, 0.62570767, 0.06780751, 0.31767885, 0.18926917, 0.32938755, 0.34958827, 0.10331961, 0.06973752, 0.04451879, 0.04001544
